10 6

 1.00000000000000e+00  1.00000000000000e+00    2.57915515199368e+00  1.00000000000000e+00    3.68456375838926e+00  1.00000000000000e+00    4.45834978286617e+00  1.00000000000000e+00    5.00000000000000e+00  1.00000000000000e+00    5.50000000000000e+00  1.00000000000000e+00    6.00000000000000e+00  1.00000000000000e+00    7.09890109890110e+00  1.00000000000000e+00    8.41758241758242e+00  1.00000000000000e+00    1.00000000000000e+01  1.00000000000000e+00   
 1.00000000000000e+00  3.00000000000000e+00    2.57915515199368e+00  3.08772206869325e+00    3.68456375838926e+00  3.14912751677852e+00    4.45834978286617e+00  3.19211133043822e+00    5.00000000000000e+00  3.22220000000000e+00    5.50000000000000e+00  3.25000000000000e+00    6.00000000000000e+00  3.27780000000000e+00    7.09890109890110e+00  3.33884395604396e+00    8.41758241758242e+00  3.41209670329670e+00    1.00000000000000e+01  3.50000000000000e+00   
 1.00000000000000e+00  5.00000000000000e+00    2.57915515199368e+00  5.17544413738650e+00    3.68456375838926e+00  5.29825503355705e+00    4.45834978286617e+00  5.38422266087643e+00    5.00000000000000e+00  5.44440000000000e+00    5.50000000000000e+00  5.50000000000000e+00    6.00000000000000e+00  5.55560000000000e+00    7.09890109890110e+00  5.67768791208791e+00    8.41758241758242e+00  5.82419340659341e+00    1.00000000000000e+01  6.00000000000000e+00   
 1.00000000000000e+00  5.50000000000000e+00    2.57915515199368e+00  5.67544413738650e+00    3.68456375838926e+00  5.79825503355705e+00    4.45834978286617e+00  5.88422266087643e+00    5.00000000000000e+00  5.94440000000000e+00    5.50000000000000e+00  6.00000000000000e+00    6.00000000000000e+00  6.05560000000000e+00    7.09890109890110e+00  6.17768791208791e+00    8.41758241758242e+00  6.32419340659341e+00    1.00000000000000e+01  6.50000000000000e+00   
 1.00000000000000e+00  6.00000000000000e+00    2.57915515199368e+00  6.17544413738650e+00    3.68456375838926e+00  6.29825503355705e+00    4.45834978286617e+00  6.38422266087643e+00    5.00000000000000e+00  6.44440000000000e+00    5.50000000000000e+00  6.50000000000000e+00    6.00000000000000e+00  6.55560000000000e+00    7.09890109890110e+00  6.67768791208791e+00    8.41758241758242e+00  6.82419340659341e+00    1.00000000000000e+01  7.00000000000000e+00   
 1.00000000000000e+00  1.00000000000000e+01    2.57915515199368e+00  1.00000000000000e+01    3.68456375838926e+00  1.00000000000000e+01    4.45834978286617e+00  1.00000000000000e+01    5.00000000000000e+00  1.00000000000000e+01    5.50000000000000e+00  1.00000000000000e+01    6.00000000000000e+00  1.00000000000000e+01    7.09890109890110e+00  1.00000000000000e+01    8.41758241758242e+00  1.00000000000000e+01    1.00000000000000e+01  1.00000000000000e+01   

39

  1   00000 00001 00010 00011
  1   00001 00002 00011 00012
  1   00002 00003 00012 00013
  1   00003 00004 00013 00014
  2   00004 00005 00014 00015
  2   00005 00006 00015 00016
  3   00006 00007 00016 00017
  3   00007 00008 00017 00018
  3   00008 00009 00018 00019
  1   00010 00011 00020 00021
  1   00011 00012 00021 00022
  1   00012 00013 00022 00023
  1   00013 00014 00023 00024
  2   00014 00015 00024 00025
  2   00015 00016 00025 00026
  3   00016 00017 00026 00027
  3   00017 00018 00027 00028
  3   00018 00019 00028 00029
  1   00020 00021 00030 00031
  1   00021 00022 00031 00032
  1   00022 00023 00032 00033
  1   00023 00024 00033 00034
  2   00024 00025 00034 00035
  2   00025 00026 00035 00036
  3   00026 00027 00036 00037
  3   00027 00028 00037 00038
  3   00028 00029 00038 00039
  1   00030 00031 00040 00041
  1   00031 00032 00041 00042
  1   00032 00033 00042 00043
  1   00033 00034 00043 00044
  2   00034 00035 00044 00045
  2   00035 00036 00045 00046
  3   00036 00037 00046 00047
  3   00037 00038 00047 00048
  3   00038 00039 00048 00049
  3   00046 00047 00056 00057
  3   00047 00048 00057 00058
  3   00048 00049 00058 00059
