1 1 0
2.2168426688580967 1 0
3.068632537058764 1 0
3.664885444799231 1 0
4.082262480217558 1 0
4.374426405010387 1 0
4.578941152365367 1 0
4.722101475513853 1 0
4.822313701717793 1 0
4.892462260060551 1 0
4.941566250900482 1 0
4.975939044488433 1 0
5 1 0
5.166666666666667 1 0
5.333333333333334 1 0
5.500000000000001 1 0
5.666666666666668 1 0
5.833333333333335 1 0
6 1 0
6.192317846689997 1 0
6.423099262717995 1 0
6.700036961951591 1 0
7.032362201031907 1 0
7.431152487928285 1 0
7.90970083220394 1 0
8.483958845334726 1 0
9.173068461091669 1 0
10 1 0
1 1.6666666666666665 0
2.2168426688580967 1.689198536751689 541.4874226768447
3.068632537058764 1.7049708458112047 957.6040708620251
3.664885444799231 1.7160114621528657 1290.9224697900027
4.082262480217558 1.7237398935920285 1566.5609174463173
4.374426405010387 1.7291497955994424 1795.807874503872
4.578941152365367 1.732936727004632 1983.778617820545
4.722101475513853 1.7355875789882649 2134.2180112492656
4.822313701717793 1.7374431753768078 2251.4540825255986
4.892462260060551 1.738742092848788 2340.5886618762347
4.941566250900482 1.739651335079174 2406.965141843109
4.975939044488433 1.7402878046404442 2455.5872239959035
5 1.7407333333333332 2490.7597410628423
5.166666666666667 1.7438222222222222 2693.047690307062
5.333333333333334 1.7469111111111109 2813.2185683290004
5.500000000000001 1.7499999999999998 2857.681900338403
5.666666666666668 1.7530888888888887 2828.064873771639
5.833333333333335 1.7561777777777774 2721.704752522023
6 1.7592666666666665 2531.270003292838
6.192317846689997 1.7628277521278763 2285.388788234868
6.423099262717995 1.7671010546813282 2044.001119554283
6.700036961951591 1.7722290177454703 1804.8325242029696
7.032362201031907 1.7783825734224408 1563.763361693057
7.431152487928285 1.7857668402348053 1314.6055751292383
7.90970083220394 1.7946279604096427 1048.5367440959542
8.483958845334726 1.8052613046194477 753.1677652932698
9.173068461091669 1.8180213176712137 411.39899633150196
10 1.8333333333333333 0
1 2.333333333333333 0
2.2168426688580967 2.378397073503378 1078.8308111742056
3.068632537058764 2.4099416916224095 1885.9035507604385
3.664885444799231 2.4320229243057314 2505.7458755188477
4.082262480217558 2.447479787184057 2991.0436231894623
4.374426405010387 2.4582995911988847 3369.172309224773
4.578941152365367 2.465873454009264 3658.1503432250943
4.722101475513853 2.4711751579765298 3874.075638844074
4.822313701717793 2.4748863507536156 4032.281679608096
4.892462260060551 2.477484185697576 4146.490182233899
4.941566250900482 2.479302670158348 4228.086121538305
4.975939044488433 2.4805756092808884 4285.978725094457
5 2.4814666666666665 4326.867105018571
5.166666666666667 2.4876444444444443 4566.004566239062
5.333333333333334 2.4938222222222217 4713.693988239941
5.500000000000001 2.4999999999999996 4768.919645301362
5.666666666666668 2.5061777777777774 4731.30682616659
5.833333333333335 2.512355555555555 4600.825011363159
6 2.518533333333333 4378.206018424917
6.192317846689997 2.5256555042557527 4077.9350775529433
6.423099262717995 2.5342021093626563 3742.7524262295196
6.700036961951591 2.5444580354909405 3374.5306409021164
7.032362201031907 2.5567651468448815 2972.6275691441524
7.431152487928285 2.5715336804696105 2531.894863897609
7.90970083220394 2.5892559208192854 2040.5022912273091
8.483958845334726 2.6105226092388953 1477.624393197027
9.173068461091669 2.6360426353424273 811.704279118783
10 2.6666666666666665 0
1 2.9999999999999996 0
2.2168426688580967 3.067595610255067 1618.7589406617008
3.068632537058764 3.1149125374336144 2780.7632583532372
3.664885444799231 3.148034386458597 3624.8096300174043
4.082262480217558 3.1712196807760855 4249.192048219954
4.374426405010387 3.187449386798327 4711.210453000705
4.578941152365367 3.1988101810138962 5049.764562974239
4.722101475513853 3.2067627369647944 5295.073959270738
4.822313701717793 3.212329526130423 5471.178319550487
4.892462260060551 3.216226278546364 5596.728200310337
4.941566250900482 3.218954005237522 5685.784289537228
4.975939044488433 3.2208634139213324 5748.721111199782
5 3.2222 5793.079254577832
5.166666666666667 3.2314666666666665 6050.68000890702
5.333333333333334 3.2407333333333326 6208.091271273077
5.500000000000001 3.249999999999999 6265.86635971599
5.666666666666668 3.259266666666666 6224.066892931309
5.833333333333335 3.268533333333332 6082.397510082144
6 3.2777999999999996 5840.0520748801855
6.192317846689997 3.2884832563836293 5509.111548534036
6.423099262717995 3.3013031640439845 5128.996681462622
6.700036961951591 3.3166870532364108 4693.70841635183
7.032362201031907 3.3351477202673223 4195.982987945875
7.431152487928285 3.357300520704416 3624.493650014488
7.90970083220394 3.383883881228928 2959.5071114723423
8.483958845334726 3.415783913858343 2168.2031618121723
9.173068461091669 3.454063953013641 1201.8294711616709
10 3.5 0
1 3.666666666666666 0
2.2168426688580967 3.7567941470067563 2190.589000188982
3.068632537058764 3.819883383244819 3675.7461439556773
3.664885444799231 3.864045848611463 4685.750359808524
4.082262480217558 3.894959574368114 5394.613851762625
4.374426405010387 3.9165991823977695 5900.709757880352
4.578941152365367 3.9317469080185283 6263.01209091652
4.722101475513853 3.9423503159530595 6521.541258279013
4.822313701717793 3.9497727015072313 6705.1726658160105
4.892462260060551 3.954968371395152 6835.066778798624
4.941566250900482 3.958605340316696 6926.66035012956
4.975939044488433 3.9611512185617768 6991.102677481007
5 3.962933333333333 7036.372347429235
5.166666666666667 3.9752888888888886 7298.9572401953255
5.333333333333334 3.9876444444444434 7458.606580665632
5.500000000000001 3.999999999999999 7515.109107711293
5.666666666666668 4.012355555555555 7468.4103539383295
5.833333333333335 4.02471111111111 7318.578215813723
6 4.037066666666666 7065.786042786862
6.192317846689997 4.051311008511505 6718.980164307468
6.423099262717995 4.068404218725313 6313.621200708201
6.700036961951591 4.088916070981881 5840.95121029836
7.032362201031907 4.113530293689763 5287.711577921759
7.431152487928285 4.143067360939221 4632.430713642123
7.90970083220394 4.178511841638571 3840.3803088376335
8.483958845334726 4.221045218477791 2856.821318017496
9.173068461091669 4.272085270684855 1605.1562974949275
10 4.333333333333333 0
1 4.333333333333333 0
2.2168426688580967 4.445992683758446 2866.125946343572
3.068632537058764 4.524854229056023 4645.0643062381905
3.664885444799231 4.580057310764329 5755.588501203255
4.082262480217558 4.618699467960143 6496.60201619202
4.374426405010387 4.645748977997211 7007.339116942341
4.578941152365367 4.66468363502316 7365.212055370929
4.722101475513853 4.677937894941325 7618.076306012785
4.822313701717793 4.687215876884039 7797.255956039926
4.892462260060551 4.6937104642439405 7924.166820222192
4.941566250900482 4.69825667539587 8013.879870785878
4.975939044488433 4.701439023202221 8077.1516452590095
5 4.703666666666666 8121.683601821229
5.166666666666667 4.719111111111111 8377.557094755146
5.333333333333334 4.734555555555555 8528.590753865634
5.500000000000001 4.749999999999999 8577.409038052696
5.666666666666668 4.7654444444444435 8525.426846854554
5.833333333333335 4.780888888888887 8372.306290688251
6 4.796333333333333 8116.301714257256
6.192317846689997 4.8141387606393815 7768.396306196461
6.423099262717995 4.835505273406641 7366.444521906977
6.700036961951591 4.861145088727351 6894.886087231229
7.032362201031907 4.891912867112204 6329.657262592577
7.431152487928285 4.928834201174026 5636.125682013912
7.90970083220394 4.973139802048213 4762.6584985515265
8.483958845334726 5.026306523097238 3625.6917836364873
9.173068461091669 5.090106588356068 2084.036746119015
10 5.166666666666666 0
1 5 0
2.2168426688580967 5.135191220510134 3829.774300279856
3.068632537058764 5.229825074867229 5768.036025211549
3.664885444799231 5.296068772917195 6909.432510789652
4.082262480217558 5.342439361552171 7636.776417404598
4.374426405010387 5.374898773596654 8111.33654789786
4.578941152365367 5.3976203620277925 8425.255431299429
4.722101475513853 5.41352547392959 8635.175682888641
4.822313701717793 5.424659052260847 8777.128638332175
4.892462260060551 5.432452557092728 8874.175306103229
4.941566250900482 5.437908010475044 8941.144644012214
4.975939044488433 5.441726827842666 8987.678936104961
5 5.4444 9020.157469659678
5.166666666666667 5.462933333333333 9202.111542624078
5.333333333333334 5.481466666666666 9305.494907656222
5.500000000000001 5.499999999999999 9334.83115629696
5.666666666666668 5.518533333333332 9291.350393880537
5.833333333333335 5.537066666666665 9175.448993729811
6 5.5556 8985.093254738236
6.192317846689997 5.5769665127672585 8720.286944794536
6.423099262717995 5.602606328087969 8391.607573031597
6.700036961951591 5.6333741064728216 7972.556485992713
7.032362201031907 5.670295440534645 7434.750053287842
7.431152487928285 5.714601041408832 6740.79564885896
7.90970083220394 5.767767762457857 5832.901159554659
8.483958845334726 5.831567827716687 4609.498917923963
9.173068461091669 5.908127906027283 2850.6048097654334
10 6 0
1 5.166666666666667 0
2.2168426688580967 5.301857887176801 4078.2829354628566
3.068632537058764 5.396491741533896 6004.386148535661
3.664885444799231 5.462735439583862 7143.743459531828
4.082262480217558 5.509106028218838 7861.161466427796
4.374426405010387 5.541565440263321 8324.13719765216
4.578941152365367 5.5642870286944595 8625.466900189562
4.722101475513853 5.580192140596257 8822.607210290498
4.822313701717793 5.591325718927514 8952.120115342957
4.892462260060551 5.599119223759395 9037.490718910018
4.941566250900482 5.604574677141711 9093.91859852905
4.975939044488433 5.6083934945093326 9131.333872968466
5 5.611066666666667 9156.255473883146
5.166666666666667 5.6296 9303.058311335224
5.333333333333334 5.648133333333333 9392.203590230256
5.500000000000001 5.666666666666666 9417.298827359527
5.666666666666668 5.685199999999999 9377.659670941233
5.833333333333335 5.703733333333332 9275.112803748016
6 5.722266666666667 9119.245983736115
6.192317846689997 5.7436331794339255 8892.861278510383
6.423099262717995 5.769272994754636 8582.058999173754
6.700036961951591 5.8000407731394885 8172.0420560540215
7.032362201031907 5.836962107201312 7637.556264588958
7.431152487928285 5.881267708075499 6942.791411680718
7.90970083220394 5.934434429124524 6030.923330562205
8.483958845334726 5.998234494383354 4795.77289619023
9.173068461091669 6.07479457269395 3025.4741325383998
10 6.166666666666667 0
1 5.333333333333334 0
2.2168426688580967 5.468524553843468 4229.744458274288
3.068632537058764 5.563158408200563 6144.847180090692
3.664885444799231 5.629402106250529 7277.011245268004
4.082262480217558 5.675772694885505 7984.984410141831
4.374426405010387 5.708232106929988 8437.661244432435
4.578941152365367 5.730953695361126 8728.56913330506
4.722101475513853 5.746858807262924 8915.560745113477
4.822313701717793 5.757992385594181 9035.900967288739
4.892462260060551 5.765785890426062 9113.748613077534
4.941566250900482 5.771241343808378 9164.616156120366
4.975939044488433 5.7750601611759995 9198.30550863136
5 5.777733333333334 9220.935441483278
5.166666666666667 5.796266666666667 9351.815046013275
5.333333333333334 5.8148 9431.753721569192
5.500000000000001 5.833333333333333 9454.727444928201
5.666666666666668 5.851866666666666 9418.942622287559
5.833333333333335 5.870399999999999 9327.237308683783
6 5.888933333333334 9186.822641962284
6.192317846689997 5.9102998461005924 8977.337897915551
6.423099262717995 5.935939661421303 8678.370672236351
6.700036961951591 5.9667074398061555 8273.497377935824
7.032362201031907 6.0036287738679786 7740.343738893796
7.431152487928285 6.047934374742166 7044.819994575087
7.90970083220394 6.101101095791191 6130.272630974401
8.483958845334726 6.164901161050021 4891.185041518094
9.173068461091669 6.241461239360617 3109.434616037684
10 6.333333333333334 0
1 5.500000000000001 0
2.2168426688580967 5.635191220510135 4287.426546986909
3.068632537058764 5.72982507486723 6187.917192926443
3.664885444799231 5.796068772917196 7310.232972768145
4.082262480217558 5.842439361552172 8009.094345651268
4.374426405010387 5.874898773596655 8453.919442511948
4.578941152365367 5.897620362027793 8738.26843180769
4.722101475513853 5.913525473929591 8919.920071114522
4.822313701717793 5.924659052260848 9036.23016234534
4.892462260060551 5.932452557092729 9111.297634460794
4.941566250900482 5.937908010475045 9160.33219685524
4.975939044488433 5.9417268278426665 9192.775557262132
5 5.944400000000001 9214.490863320649
5.166666666666667 5.962933333333334 9340.796669663121
5.333333333333334 5.981466666666667 9418.6311048746
5.500000000000001 6 9441.968023310463
5.666666666666668 6.018533333333333 9408.680350305087
5.833333333333335 6.037066666666666 9321.009852740015
6 6.055600000000001 9185.090057224781
6.192317846689997 6.076966512767259 8979.60219217976
6.423099262717995 6.10260632808797 8682.660067947467
6.700036961951591 6.133374106472822 8277.62454752863
7.032362201031907 6.1702954405346455 7743.424339451974
7.431152487928285 6.214601041408833 7046.934822697401
7.90970083220394 6.267767762457858 6132.001449260474
8.483958845334726 6.331567827716688 4894.094582586392
9.173068461091669 6.408127906027284 3111.0151095837255
10 6.500000000000001 0
1 5.666666666666668 0
2.2168426688580967 5.801857887176802 4251.390888039057
3.068632537058764 5.896491741533897 6133.220331258107
3.664885444799231 5.962735439583863 7243.763574526161
4.082262480217558 6.009106028218839 7933.963462781271
4.374426405010387 6.041565440263322 8373.967884091511
4.578941152365367 6.06428702869446 8656.43770816993
4.722101475513853 6.080192140596258 8838.20354779343
4.822313701717793 6.091325718927515 8955.57874773389
4.892462260060551 6.099119223759396 9031.884571025616
4.941566250900482 6.104574677141712 9082.002425844672
4.975939044488433 6.108393494509333 9115.33471475104
5 6.111066666666668 9137.786293395706
5.166666666666667 6.129600000000001 9269.021875046117
5.333333333333334 6.148133333333334 9351.332629766051
5.500000000000001 6.166666666666667 9377.218382160489
5.666666666666668 6.1852 9343.994729173539
5.833333333333335 6.203733333333333 9253.72219255588
6 6.222266666666668 9112.672182614606
6.192317846689997 6.243633179433926 8899.71417797788
6.423099262717995 6.269272994754637 8594.878401377022
6.700036961951591 6.300040773139489 8184.102329563386
7.032362201031907 6.3369621072013125 7646.611369774856
7.431152487928285 6.3812677080755 6949.116784071196
7.90970083220394 6.434434429124525 6036.300494042
8.483958845334726 6.498234494383355 4804.4518301243515
9.173068461091669 6.574794572693951 3033.65851205861
10 6.666666666666668 0
1 5.833333333333335 0
2.2168426688580967 5.968524553843469 4118.552735476293
3.068632537058764 6.063158408200564 5981.4746611241635
3.664885444799231 6.12940210625053 7077.366356041796
4.082262480217558 6.175772694885506 7759.491310764757
4.374426405010387 6.208232106929989 8197.612857680888
4.578941152365367 6.230953695361127 8482.495714877168
4.722101475513853 6.2468588072629245 8669.550699507088
4.822313701717793 6.257992385594182 8793.270142417474
4.892462260060551 6.265785890426063 8875.493072775831
4.941566250900482 6.271241343808379 8930.301258632533
4.975939044488433 6.275060161176 8966.937200395796
5 6.277733333333335 8991.520311267719
5.166666666666667 6.296266666666668 9139.631331391403
5.333333333333334 6.314800000000001 9233.06097331191
5.500000000000001 6.333333333333334 9262.55269775137
5.666666666666668 6.351866666666667 9226.660541169427
5.833333333333335 6.3704 9126.233034376653
6 6.388933333333335 8968.613328868189
6.192317846689997 6.410299846100593 8734.38694245697
6.423099262717995 6.435939661421304 8412.256162765765
6.700036961951591 6.466707439806156 7991.74452925755
7.032362201031907 6.503628773867979 7449.300419712282
7.431152487928285 6.547934374742167 6751.083874745925
7.90970083220394 6.601101095791192 5842.966367405297
8.483958845334726 6.664901161050022 4622.917934941877
9.173068461091669 6.741461239360618 2876.409546306101
10 6.833333333333335 0
1 6 0
2.2168426688580967 6.135191220510134 3882.2841832376307
3.068632537058764 6.229825074867229 5735.200537827011
3.664885444799231 6.296068772917195 6809.626368064449
4.082262480217558 6.342439361552171 7485.307398147256
4.374426405010387 6.374898773596654 7923.315926885828
4.578941152365367 6.3976203620277925 8213.379330501468
4.722101475513853 6.41352547392959 8409.090298035628
4.822313701717793 6.424659052260847 8543.364856157006
4.892462260060551 6.432452557092728 8636.690061383668
4.941566250900482 6.437908010475044 8702.102807221525
4.975939044488433 6.441726827842666 8748.15355845247
5 6.4444 8780.623126495719
5.166666666666667 6.462933333333333 8964.316186865532
5.333333333333334 6.481466666666666 9070.61560413181
5.500000000000001 6.499999999999999 9103.244163074201
5.666666666666668 6.518533333333332 9062.497843462943
5.833333333333335 6.537066666666665 8946.737466465534
6 6.5556 8750.153993082475
6.192317846689997 6.5769665127672585 8473.066185016882
6.423099262717995 6.602606328087969 8130.828377451006
6.700036961951591 6.6333741064728216 7698.717725827944
7.032362201031907 6.670295440534645 7150.532686154141
7.431152487928285 6.714601041408832 6452.37818871761
7.90970083220394 6.767767762457857 5551.264145715464
8.483958845334726 6.831567827716687 4351.058063960413
9.173068461091669 6.908127906027283 2633.6424486230753
10 7 0
1 7.333333333333333 0
2.2168426688580967 7.423460813673422 2283.644731874327
3.068632537058764 7.486550049911486 3701.855186728139
3.664885444799231 7.53071251527813 4609.030510974991
4.082262480217558 7.56162624103478 5233.861173007008
4.374426405010387 7.583265849064436 5681.221866195415
4.578941152365367 7.598413574685194 6005.3562811253705
4.722101475513853 7.6090169826197265 6239.841145223683
4.822313701717793 7.616439368173898 6408.340860060686
4.892462260060551 7.621635038061818 6528.542898166802
4.941566250900482 7.625272006983362 6613.770694718897
4.975939044488433 7.627817885228444 6673.9314566655985
5 7.6296 6716.26935943838
5.166666666666667 7.641955555555555 6960.602546401506
5.333333333333334 7.65431111111111 7104.282012286788
5.500000000000001 7.666666666666666 7146.631538981919
5.666666666666668 7.679022222222221 7087.489978574939
5.833333333333335 7.6913777777777765 6926.689575024792
6 7.703733333333333 6664.761389251442
6.192317846689997 7.717977675178172 6310.915171349799
6.423099262717995 7.735070885391979 5904.206607380077
6.700036961951591 7.755582737648547 5439.786221819174
7.032362201031907 7.780196960356429 4907.505654106512
7.431152487928285 7.809734027605888 4288.508229713719
7.90970083220394 7.845178508305238 3548.913087477126
8.483958845334726 7.887711885144458 2629.30816994269
9.173068461091669 7.938751937351522 1446.1890872915264
10 8 0
1 8.666666666666666 0
2.2168426688580967 8.711730406836711 1125.1875133044912
3.068632537058764 8.743275024955743 1875.892772097075
3.664885444799231 8.765356257639064 2414.8060586903025
4.082262480217558 8.78081312051739 2824.6819856943985
4.374426405010387 8.791632924532218 3144.3610892024685
4.578941152365367 8.799206787342596 3392.945703408008
4.722101475513853 8.804508491309864 3583.2234350219087
4.822313701717793 8.80821968408695 3726.201218128174
4.892462260060551 8.810817519030909 3831.841159612426
4.941566250900482 8.812636003491681 3908.8201272278984
4.975939044488433 8.813908942614223 3964.3121649864956
5 8.8148 4003.9905553328967
5.166666666666667 8.820977777777777 4229.899670154604
5.333333333333334 8.827155555555555 4357.455430872103
5.500000000000001 8.833333333333332 4391.269766075172
5.666666666666668 8.83951111111111 4333.265687987024
5.833333333333335 8.845688888888889 4182.836427119515
6 8.851866666666666 3936.5291650107897
6.192317846689997 8.858988837589086 3617.5797641126487
6.423099262717995 8.867535442695988 3285.000959110252
6.700036961951591 8.877791368824273 2938.8099237140195
7.032362201031907 8.890098480178214 2576.0842071085917
7.431152487928285 8.904867013802944 2188.6656666635736
7.90970083220394 8.92258925415262 1760.7740450192534
8.483958845334726 8.94385594257223 1268.5805470661967
9.173068461091669 8.969375968675761 687.478834236027
10 9 0
1 10 0
2.2168426688580967 10 0
3.068632537058764 10 0
3.664885444799231 10 0
4.082262480217558 10 0
4.374426405010387 10 0
4.578941152365367 10 0
4.722101475513853 10 0
4.822313701717793 10 0
4.892462260060551 10 0
4.941566250900482 10 0
4.975939044488433 10 0
5 10 0
5.166666666666667 10 0
5.333333333333334 10 0
5.500000000000001 10 0
5.666666666666668 10 0
5.833333333333335 10 0
6 10 0
6.192317846689997 10 0
6.423099262717995 10 0
6.700036961951591 10 0
7.032362201031907 10 0
7.431152487928285 10 0
7.90970083220394 10 0
8.483958845334726 10 0
9.173068461091669 10 0
10 10 0
