7 6

 1.00000000000000e+00  1.00000000000000e+00    2.00000000000000e+00  1.00000000000000e+00    3.00000000000000e+00  1.00000000000000e+00    5.00000000000000e+00  1.00000000000000e+00    7.00000000000000e+00  1.00000000000000e+00    8.00000000000000e+00  1.00000000000000e+00    9.00000000000000e+00  1.00000000000000e+00   
 1.00000000000000e+00  2.00000000000000e+00    2.25000000000000e+00  2.25000000000000e+00    3.50000000000000e+00  2.50000000000000e+00    5.25000000000000e+00  2.75000000000000e+00    7.00000000000000e+00  3.00000000000000e+00    8.00000000000000e+00  3.25000000000000e+00    9.00000000000000e+00  3.50000000000000e+00   
 1.00000000000000e+00  3.00000000000000e+00    2.50000000000000e+00  3.50000000000000e+00    4.00000000000000e+00  4.00000000000000e+00    5.50000000000000e+00  4.50000000000000e+00    7.00000000000000e+00  5.00000000000000e+00    8.00000000000000e+00  5.50000000000000e+00    9.00000000000000e+00  6.00000000000000e+00   
 1.00000000000000e+00  4.50000000000000e+00    2.25000000000000e+00  4.95000000000000e+00    3.50000000000000e+00  5.40000000000000e+00    5.00000000000000e+00  5.85000000000000e+00    6.50000000000000e+00  6.30000000000000e+00    7.75000000000000e+00  6.90000000000000e+00    9.00000000000000e+00  7.50000000000000e+00   
 1.00000000000000e+00  6.00000000000000e+00    2.00000000000000e+00  6.40000000000000e+00    3.00000000000000e+00  6.80000000000000e+00    4.50000000000000e+00  7.20000000000000e+00    6.00000000000000e+00  7.60000000000000e+00    7.50000000000000e+00  8.30000000000000e+00    9.00000000000000e+00  9.00000000000000e+00   
 1.00000000000000e+00  1.00000000000000e+01    2.50000000000000e+00  1.00000000000000e+01    4.00000000000000e+00  1.00000000000000e+01    6.00000000000000e+00  1.00000000000000e+01    8.00000000000000e+00  1.00000000000000e+01    8.50000000000000e+00  1.00000000000000e+01    9.00000000000000e+00  1.00000000000000e+01   

30

  1   00000 00001 00007 00008
  1   00001 00002 00008 00009
  1   00002 00003 00009 00010
  1   00003 00004 00010 00011
  1   00004 00005 00011 00012
  1   00005 00006 00012 00013
  1   00007 00008 00014 00015
  1   00008 00009 00015 00016
  1   00009 00010 00016 00017
  1   00010 00011 00017 00018
  1   00011 00012 00018 00019
  1   00012 00013 00019 00020
  2   00014 00015 00021 00022
  2   00015 00016 00022 00023
  2   00016 00017 00023 00024
  2   00017 00018 00024 00025
  2   00018 00019 00025 00026
  2   00019 00020 00026 00027
  2   00021 00022 00028 00029
  2   00022 00023 00029 00030
  2   00023 00024 00030 00031
  2   00024 00025 00031 00032
  2   00025 00026 00032 00033
  2   00026 00027 00033 00034
  3   00028 00029 00035 00036
  3   00029 00030 00036 00037
  3   00030 00031 00037 00038
  3   00031 00032 00038 00039
  3   00032 00033 00039 00040
  3   00033 00034 00040 00041
